02 14 21 22 37 44
07 16 18 21 22 26
04 17 21 26 42 45
02 10 13 38 42 46
02 05 10 14 15 49
05 15 17 26 32 49
06 07 13 14 39 42
12 14 21 30 32 43
01 10 14 36 38 44
06 10 12 22 33 40
01 07 16 41 45 49
08 12 19 21 22 38
07 16 28 32 36 38
04 24 27 32 37 39
11 14 37 39 47 48
01 11 32 41 44 45
01 08 15 17 24 46
02 08 09 17 27 49
01 12 25 29 33 48
04 17 18 29 33 42
03 11 14 23 29 44
07 08 09 16 48 49
02 05 12 13 16 27
04 08 29 34 36 49
06 07 16 32 42 46
03 16 17 20 25 36
01 12 19 25 29 31
01 18 19 25 31 41
04 06 15 18 41 43
03 11 17 26 34 36
03 17 21 22 23 46
13 18 24 37 38 45
01 06 25 30 31 48
16 27 32 37 40 41
15 19 21 24 26 31
09 14 17 24 26 46
07 08 25 36 37 38
09 27 31 34 37 45
03 07 09 17 34 39
03 18 22 38 44 47
08 14 17 23 32 40
12 17 23 34 38 49
16 19 26 34 46 47
02 20 44 45 47 48
01 03 09 28 36 38
08 09 11 22 41 47
05 26 27 35 42 48
03 08 14 18 39 42
08 19 25 28 32 39
03 05 17 21 30 42
18 20 23 38 39 49
07 09 11 18 29 46
06 07 09 18 27 46
02 06 08 16 36 48
24 26 31 32 38 42
04 08 11 20 41 44
13 16 22 25 29 32
09 15 26 31 47 49
01 16 20 21 45 46
04 08 18 24 29 32
02 04 10 12 18 43
08 18 28 30 38 47
23 26 32 35 41 45
13 15 18 22 24 39
13 20 31 34 40 45
06 09 10 18 31 38
01 09 11 23 42 46
08 09 12 30 33 49
07 11 12 32 34 48
09 21 36 37 39 40
07 21 23 26 43 44
02 04 15 17 44 49
05 09 20 27 31 46
03 22 35 36 41 43
09 14 18 25 33 40
03 06 08 19 20 43
05 10 11 15 23 31
03 18 29 40 42 46
08 24 27 30 36 46
14 19 33 38 39 41
03 05 13 19 25 26
04 06 11 23 40 49
09 13 25 28 40 43
01 05 10 15 27 30
02 08 13 15 21 27
11 16 20 25 31 40
01 08 19 22 41 43
05 10 13 16 18 27
01 02 34 38 44 48
07 08 13 16 28 41
01 05 11 14 15 43
01 18 23 29 38 42
15 19 34 40 42 43
04 05 09 27 35 45
14 17 26 35 39 46
03 10 14 31 47 49
10 12 15 20 21 30
05 06 08 24 35 45
09 15 19 22 29 35
07 12 20 26 28 44
13 18 23 27 40 48
11 12 14 30 37 40
08 16 22 25 36 43
13 16 24 25 32 34
05 06 07 11 36 43
05 06 24 43 45 46
01 02 08 10 18 21
03 11 17 29 33 34
03 04 09 27 31 47
11 13 15 26 31 49
33 35 38 39 41 49
01 05 30 31 35 49
02 03 10 16 26 37
01 03 14 17 18 35
04 08 24 27 30 33
06 10 20 32 35 48
02 04 05 06 20 48
01 06 16 19 20 30
04 09 20 27 29 31
10 11 23 27 40 41
02 05 06 09 10 36
04 09 15 25 26 33
06 14 15 20 33 37
02 03 04 11 17 18
01 03 11 12 35 49
07 28 34 40 45 47
08 17 23 26 32 34
24 26 37 41 42 47
06 07 15 27 43 44
12 22 23 36 38 48
02 16 19 28 40 48
09 31 33 42 44 49
07 11 16 34 38 45
03 23 31 34 36 39
09 20 34 40 42 43
04 09 20 22 35 45
05 16 20 24 27 41
14 15 16 21 40 49
02 10 27 34 35 49
03 08 18 39 43 49
03 07 29 32 34 38
01 06 09 13 23 29
04 11 14 25 28 41
10 12 13 16 45 46
07 10 12 13 25 26
03 29 36 37 46 48
23 25 28 35 37 48
22 24 27 38 41 49
15 19 27 42 45 48
06 11 14 22 35 37
05 06 15 28 32 46
06 14 22 30 46 47
02 07 13 22 28 40
01 18 34 45 47 49
08 19 26 29 31 43
10 21 24 35 40 48
07 12 14 15 30 38
10 15 16 22 26 39
10 17 19 25 37 38
07 15 21 23 33 49
10 33 35 38 39 48
18 21 36 37 43 44
01 20 29 43 44 45
09 15 30 32 38 42
11 16 19 22 23 39
22 23 33 40 41 46
09 11 16 19 30 46
10 12 20 32 35 37
04 14 28 40 45 49
10 11 15 16 24 25
06 19 20 25 41 43
06 12 15 27 41 42
07 16 25 29 46 48
05 17 23 36 47 49
02 14 16 22 26 40
07 10 25 27 35 40
02 10 19 22 31 38
02 08 21 30 39 46
04 06 15 35 43 44
05 06 16 19 27 49
01 18 20 24 46 47
06 12 15 38 39 40
13 16 17 38 45 46
04 07 21 34 47 49
07 27 43 46 47 49
06 25 32 35 41 44
01 13 22 32 42 46
01 11 19 26 34 36
05 10 17 19 37 47
01 19 20 24 25 41
06 13 15 24 28 49
08 13 14 20 26 40
02 05 18 19 23 45
07 21 23 29 33 38
06 11 17 22 42 49
01 11 16 22 27 30
06 08 10 30 33 48
15 21 26 33 38 43
03 13 14 26 37 38
14 19 27 37 41 45
08 09 15 21 33 43
02 06 07 23 36 49
01 22 32 33 38 44
01 10 11 16 20 21
01 03 20 39 47 49
03 13 19 25 40 42
09 13 23 24 38 44
10 17 23 26 30 32
11 16 25 38 42 44
21 28 29 39 45 49
01 03 07 17 29 35
08 28 32 36 37 40
01 18 27 34 38 46
06 23 37 41 43 46
01 09 17 30 31 38
12 15 19 30 45 47
03 04 28 37 38 43
10 15 16 19 27 38
09 14 20 21 24 27
04 12 16 26 34 35
12 15 16 38 39 43
11 19 39 47 48 49
02 04 17 19 31 37
04 17 25 30 43 47
07 15 23 38 47 49
06 08 09 23 44 49
04 16 25 27 31 46
04 11 17 23 30 36
07 09 10 15 30 46
03 14 37 41 45 49
01 09 25 41 42 48
35 41 42 43 48 49
08 30 32 37 41 43
03 13 19 35 40 43
01 03 04 12 19 40
03 10 17 22 37 40
04 12 18 22 27 28
01 09 12 20 32 45
06 13 31 34 36 40
01 07 17 26 28 46
05 09 27 33 39 44
03 06 15 21 32 44
08 10 23 24 25 49
05 06 07 10 36 46
09 12 17 24 45 48
01 11 16 25 28 43
03 04 08 40 43 46
08 29 30 39 44 48
01 07 11 17 22 38
01 05 07 25 28 32
02 04 22 26 31 35
03 12 17 19 25 41
11 12 14 26 38 48
09 17 21 24 27 34
03 10 16 33 38 48
02 05 08 16 37 38
18 22 26 30 31 43
11 14 21 39 41 43
03 06 23 25 35 36
12 20 23 25 26 32
09 18 19 39 47 49
11 21 27 28 31 39
05 14 21 27 31 39
23 28 29 31 33 42
11 14 16 23 40 46
17 24 25 32 33 41
08 12 21 23 40 48
14 18 19 30 31 33
13 21 23 26 43 47
16 20 27 30 38 47
12 14 21 23 28 40
02 10 14 16 32 41
16 20 21 30 39 40
16 18 24 25 35 49
15 28 35 41 44 47
05 15 20 25 27 47
01 16 18 21 27 42
04 16 18 26 31 42
03 08 16 26 32 33
01 02 13 19 25 36
19 25 26 28 37 46
04 27 29 35 41 49
04 20 26 31 33 36
27 35 36 37 39 43
03 05 09 14 30 31
04 14 22 23 28 30
10 14 17 27 38 44
03 06 10 25 33 45
07 14 21 26 47 49
09 10 19 25 27 28
10 19 23 25 33 46
03 05 08 15 22 28
01 12 20 27 44 48
01 02 08 33 46 47
05 08 16 17 32 37
02 10 15 28 39 40
02 07 08 12 32 39
03 13 28 32 38 43
02 05 18 27 40 42
06 24 30 38 39 46
18 19 28 43 44 46
02 16 19 23 24 33
05 20 24 29 31 39
03 06 15 20 22 38
05 08 20 31 33 43
12 13 19 25 40 49
06 07 33 37 45 47
13 20 29 33 40 46
04 14 24 25 26 41
19 22 24 26 27 40
16 19 24 25 31 47
01 17 23 37 45 48
01 21 25 27 39 42
08 16 17 21 26 27
09 15 33 35 47 48
09 12 28 32 38 41
09 14 24 25 36 41
05 10 32 35 37 38
02 04 09 10 27 31
11 25 32 37 46 48
02 06 22 38 41 43
12 18 25 27 28 48
13 17 35 39 43 48
13 17 20 25 41 47
14 22 23 41 48 49
01 18 36 39 47 48
09 20 38 39 42 45
23 29 31 37 41 49
07 11 29 31 33 41
17 23 26 42 46 49
06 08 14 18 31 44
02 08 16 30 36 46
03 13 16 18 34 41
02 18 19 22 25 35
03 20 25 27 33 46
04 11 15 20 22 27
03 07 14 18 40 46
01 22 37 40 42 48
